4 0.36796875 0.4921875 0.01484375 0.0265625
4 0.3984375 0.48828125 0.02265625 0.028125
1 0.41640625 0.6875 0.0484375 0.0390625
1 0.48671875 0.6765625 0.04609375 0.04765625
1 0.584375 0.625 0.0390625 0.0375
3 0.428125 0.5671875 0.0921875 0.203125
3 0.490625 0.5515625 0.078125 0.2140625
3 0.5546875 0.50625 0.06484375 0.1515625
3 0.60078125 0.5140625 0.06796875 0.1890625
5 0.440625 0.434375 0.040625 0.06640625
5 0.48125 0.40234375 0.0421875 0.06171875
5 0.6015625 0.4 0.03359375 0.0578125
0 0.54609375 0.4046875 0.05078125 0.06875