4 0.1875 0.51484375 0.015625 0.02421875
4 0.21796875 0.5140625 0.01953125 0.025
4 0.4234375 0.53125 0.0125 0.021875
4 0.45703125 0.5234375 0.0171875 0.0234375
0 0.253125 0.44609375 0.05625 0.065625
0 0.4984375 0.45546875 0.065625 0.0734375
5 0.565625 0.44453125 0.03828125 0.0609375
6 0.2265625 0.6984375 0.03828125 0.03984375
1 0.48046875 0.71796875 0.04296875 0.040625
1 0.54296875 0.684375 0.0390625 0.0421875
3 0.2546875 0.5765625 0.10546875 0.2234375
3 0.49375 0.59609375 0.09140625 0.2140625
3 0.56796875 0.57578125 0.06953125 0.1953125