4 0.403125 0.403125 0.01328125 0.02421875
4 0.43515625 0.40625 0.0203125 0.021875
4 0.675 0.384375 0.01484375 0.02734375
4 0.6515625 0.40234375 0.01484375 0.02421875
0 0.47109375 0.33515625 0.04765625 0.0703125
0 0.5328125 0.3375 0.04765625 0.06484375
0 0.70859375 0.33828125 0.04296875 0.06015625
1 0.434375 0.59453125 0.04921875 0.03359375
1 0.496875 0.58828125 0.03125 0.04375
3 0.6890625 0.55703125 0.04765625 0.028125
3 0.53671875 0.4671875 0.0703125 0.20390625
3 0.69921875 0.45390625 0.0890625 0.1875
2 0.4578125 0.47578125 0.09765625 0.21953125