5 0.52890625 0.29375 0.03984375 0.06953125
5 0.89609375 0.28671875 0.04609375 0.059375
1 0.4609375 0.5875 0.05 0.040625
1 0.534375 0.56015625 0.04453125 0.0328125
1 0.87890625 0.528125 0.04609375 0.03515625
4 0.82578125 0.35625 0.0140625 0.0234375
4 0.87265625 0.36015625 0.0265625 0.0234375
4 0.44453125 0.3984375 0.02421875 0.03125
2 0.54296875 0.43125 0.075 0.221875
2 0.47890625 0.45859375 0.10859375 0.2390625
2 0.8921875 0.4140625 0.11328125 0.21640625
0 0.48046875 0.3078125 0.0546875 0.0734375
4 0.4109375 0.40625 0.0140625 0.03203125